,\(%),(c̐),eihƃpg[܂ފegݍ킹j^pg[̂(%),eihƃpg[܂ފegݍ킹j^Q̊(%),eihƃpg[܂ފegݍ킹j^R̊(%),eihƃpg[܂ފegݍ킹j^S̊(%),eihƃpg[܂ފegݍ킹j^Tȏ̊(%)
0,S,948,12.3,21.7,21.7,17.4,26.8
1,s^c,9,11.1,22.2,0.0,33.3,33.3
2,s^,5,40.0,20.0,20.0,0.0,20.0
3,s^`,12,25.0,16.7,16.7,25.0,16.7
4,s^Vh,15,6.7,13.3,26.7,33.3,20.0
5,s^,21,28.6,14.3,19.0,28.6,9.5
6,s^䓌,14,14.3,35.7,28.6,14.3,7.1
7,s^nc,36,8.3,22.2,22.2,22.2,25.0
8,s^],47,12.8,23.4,12.8,17.0,34.0
9,s^i,25,4.0,24.0,4.0,24.0,44.0
10,s^ڍ,6,0.0,0.0,66.7,16.7,16.7
11,s^c,50,8.0,18.0,28.0,16.0,30.0
12,s^cJ,42,11.9,14.3,16.7,14.3,42.9
13,s^aJ,23,4.3,30.4,17.4,26.1,21.7
14,s^,26,23.1,11.5,15.4,11.5,38.5
15,s^,72,13.9,20.8,31.9,13.9,19.4
16,s^L,11,9.1,27.3,45.5,9.1,9.1
17,s^k,10,0.0,20.0,20.0,40.0,20.0
18,s^r,24,20.8,29.2,16.7,16.7,16.7
19,s^,42,7.1,16.7,23.8,19.0,33.3
20,s^n,21,9.5,23.8,14.3,28.6,23.8
21,s^,61,19.7,27.9,16.4,13.1,23.0
22,s^,14,21.4,14.3,7.1,14.3,42.9
23,s^]ː,15,13.3,13.3,26.7,13.3,33.3
24,s^qs,43,11.6,18.6,25.6,11.6,32.6
25,s^s,12,8.3,33.3,8.3,25.0,25.0
26,s^s,11,0.0,27.3,9.1,18.2,45.5
27,s^Os,4,0.0,0.0,50.0,0.0,50.0
28,s^~s,13,15.4,23.1,15.4,23.1,23.1
29,s^{s,19,21.1,21.1,10.5,10.5,36.8
30,s^s,17,5.9,23.5,29.4,29.4,11.8
31,s^zs,16,12.5,25.0,25.0,12.5,25.0
32,s^cs,58,10.3,12.1,32.8,15.5,29.3
33,s^s,8,12.5,25.0,37.5,25.0,0.0
34,s^s,3,33.3,33.3,0.0,0.0,33.3
35,s^s,3,0.0,0.0,0.0,33.3,66.7
36,s^Rs,24,12.5,37.5,8.3,20.8,20.8
37,s^s,5,20.0,20.0,0.0,20.0,40.0
38,s^s,1,0.0,0.0,100.0,0.0,0.0
39,s^s,11,9.1,9.1,36.4,9.1,36.4
40,s^]s,2,0.0,0.0,0.0,50.0,50.0
41,s^as,12,8.3,25.0,8.3,16.7,41.7
42,s^s,7,14.3,28.6,14.3,28.6,14.3
43,s^vĎs,1,0.0,0.0,0.0,0.0,100.0
44,s^Rs,9,0.0,22.2,33.3,11.1,33.3
45,s^s,6,33.3,16.7,0.0,33.3,16.7
46,s^s,13,0.0,23.1,46.2,0.0,30.8
47,s^Hs,3,0.0,0.0,66.7,33.3,0.0
48,s^s,20,10.0,40.0,30.0,10.0,10.0
49,s^s,4,0.0,25.0,0.0,0.0,75.0
50,s^䒬,5,0.0,80.0,20.0,0.0,0.0
51,s^̏o,16,25.0,37.5,25.0,12.5,0.0
52,s^w,1,0.0,0.0,0.0,100.0,0.0
