,敪,(c̐),N^H14NȑO(%),N^H15N(%),N^H16N(%),N^H17N(%),N^H18N(%),N^H19N(%),N^H20N(%),N^H21N(%),N^H22N(%),N^(%)
0,S,1034,51.0,6.4,11.1,7.4,6.5,4.0,1.8,1.6,2.1,8.0
1,s^c,13,53.8,15.4,0.0,7.7,7.7,0.0,0.0,0.0,7.7,7.7
2,s^,6,66.7,0.0,16.7,0.0,0.0,0.0,0.0,0.0,16.7,0.0
3,s^`,13,61.5,0.0,7.7,7.7,0.0,0.0,0.0,0.0,7.7,15.4
4,s^Vh,17,47.1,5.9,0.0,11.8,5.9,5.9,11.8,0.0,0.0,11.8
5,s^,25,36.0,4.0,4.0,20.0,8.0,4.0,4.0,8.0,8.0,4.0
6,s^䓌,16,81.3,0.0,12.5,0.0,6.3,0.0,0.0,0.0,0.0,0.0
7,s^nc,37,56.8,10.8,5.4,13.5,5.4,0.0,2.7,0.0,0.0,5.4
8,s^],49,65.3,2.0,8.2,6.1,4.1,2.0,0.0,0.0,2.0,10.2
9,s^i,27,59.3,3.7,11.1,0.0,7.4,3.7,3.7,0.0,3.7,7.4
10,s^ڍ,7,100.0,0.0,0.0,0.0,0.0,0.0,0.0,0.0,0.0,0.0
11,s^c,53,49.1,7.5,17.0,11.3,7.5,1.9,3.8,0.0,0.0,1.9
12,s^cJ,44,45.5,20.5,9.1,2.3,4.5,9.1,2.3,0.0,2.3,4.5
13,s^aJ,24,41.7,12.5,12.5,8.3,12.5,0.0,0.0,0.0,0.0,12.5
14,s^,32,50.0,0.0,18.8,0.0,3.1,9.4,0.0,0.0,3.1,15.6
15,s^,75,14.7,16.0,30.7,8.0,6.7,4.0,2.7,5.3,2.7,9.3
16,s^L,12,58.3,0.0,0.0,8.3,8.3,0.0,0.0,0.0,0.0,25.0
17,s^k,10,30.0,0.0,30.0,0.0,10.0,0.0,0.0,10.0,20.0,0.0
18,s^r,26,80.8,3.8,0.0,0.0,3.8,0.0,0.0,0.0,0.0,11.5
19,s^,46,71.7,0.0,6.5,0.0,8.7,2.2,0.0,2.2,2.2,6.5
20,s^n,22,50.0,13.6,13.6,9.1,9.1,4.5,0.0,0.0,0.0,0.0
21,s^,65,63.1,4.6,12.3,6.2,1.5,4.6,1.5,0.0,0.0,6.2
22,s^,17,82.4,0.0,0.0,0.0,0.0,5.9,5.9,0.0,0.0,5.9
23,s^]ː,18,55.6,5.6,5.6,0.0,16.7,5.6,0.0,0.0,5.6,5.6
24,s^qs,46,52.2,6.5,10.9,4.3,2.2,4.3,2.2,6.5,0.0,10.9
25,s^s,17,35.3,11.8,5.9,11.8,23.5,0.0,0.0,5.9,0.0,5.9
26,s^s,12,41.7,0.0,0.0,33.3,16.7,8.3,0.0,0.0,0.0,0.0
27,s^Os,5,40.0,0.0,0.0,0.0,0.0,0.0,0.0,40.0,20.0,0.0
28,s^~s,17,17.6,5.9,11.8,41.2,5.9,11.8,0.0,0.0,0.0,5.9
29,s^{s,21,85.7,0.0,0.0,0.0,0.0,4.8,0.0,0.0,0.0,9.5
30,s^s,17,47.1,11.8,29.4,5.9,0.0,5.9,0.0,0.0,0.0,0.0
31,s^zs,19,63.2,5.3,0.0,0.0,0.0,0.0,0.0,0.0,5.3,26.3
32,s^cs,60,71.7,1.7,3.3,6.7,0.0,3.3,0.0,0.0,1.7,11.7
33,s^s,10,60.0,10.0,20.0,0.0,0.0,0.0,0.0,0.0,10.0,0.0
34,s^s,4,25.0,0.0,0.0,25.0,0.0,0.0,25.0,0.0,0.0,25.0
35,s^s,3,66.7,0.0,0.0,0.0,0.0,0.0,0.0,33.3,0.0,0.0
36,s^Rs,24,25.0,8.3,16.7,12.5,25.0,0.0,4.2,0.0,0.0,8.3
37,s^s,5,60.0,20.0,0.0,20.0,0.0,0.0,0.0,0.0,0.0,0.0
38,s^s,2,50.0,0.0,0.0,50.0,0.0,0.0,0.0,0.0,0.0,0.0
39,s^s,11,63.6,9.1,0.0,9.1,0.0,9.1,0.0,0.0,0.0,9.1
40,s^]s,2,50.0,0.0,50.0,0.0,0.0,0.0,0.0,0.0,0.0,0.0
41,s^as,15,40.0,13.3,0.0,0.0,0.0,13.3,6.7,6.7,13.3,6.7
42,s^s,10,30.0,10.0,10.0,10.0,10.0,10.0,0.0,0.0,0.0,20.0
43,s^vĎs,1,100.0,0.0,0.0,0.0,0.0,0.0,0.0,0.0,0.0,0.0
44,s^Rs,10,30.0,0.0,30.0,0.0,20.0,0.0,20.0,0.0,0.0,0.0
45,s^s,6,50.0,16.7,0.0,0.0,0.0,16.7,0.0,0.0,0.0,16.7
46,s^s,13,61.5,0.0,0.0,23.1,7.7,0.0,0.0,0.0,0.0,7.7
47,s^Hs,3,0.0,33.3,0.0,33.3,0.0,0.0,0.0,0.0,33.3,0.0
48,s^s,21,0.0,0.0,19.0,9.5,33.3,14.3,4.8,4.8,0.0,14.3
49,s^s,4,75.0,0.0,0.0,0.0,0.0,0.0,0.0,0.0,0.0,25.0
50,s^䒬,5,40.0,0.0,40.0,20.0,0.0,0.0,0.0,0.0,0.0,0.0
51,s^̏o,16,12.5,0.0,37.5,12.5,18.8,12.5,0.0,0.0,0.0,6.3
52,s^w,1,0.0,0.0,0.0,100.0,0.0,0.0,0.0,0.0,0.0,0.0
